495 2514 130
19.500000 26.500000
19.500000 29.500000
44.500000 30.500000
43.500000 28.500000
31.500000 23.500000
33.500000 23.500000
30.500000 22.500000
31.500000 21.500000
40.500000 14.500000
43.500000 16.500000
11.500000 1.500000
13.500000 1.500000
9.500000 40.500000
7.500000 41.500000
12.500000 6.500000
15.500000 4.500000
47.500000 30.500000
44.500000 28.500000
45.500000 46.500000
44.500000 43.500000
20.500000 18.500000
25.500000 16.500000
25.500000 28.500000
21.500000 30.500000
11.500000 9.500000
15.500000 3.500000
18.500000 36.500000
22.500000 40.500000
28.500000 42.500000
24.500000 41.500000
41.500000 14.500000
45.500000 16.500000
25.500000 39.500000
27.500000 43.500000
31.500000 12.500000
26.500000 9.500000
8.500000 24.500000
12.500000 25.500000
41.500000 17.500000
44.500000 14.500000
3.500000 2.500000
10.500000 9.500000
22.500000 22.500000
11.500000 24.500000
32.500000 19.500000
31.500000 11.500000
15.500000 45.500000
7.500000 42.500000
31.500000 28.500000
41.500000 29.500000
31.500000 13.500000
40.500000 8.500000
18.500000 9.500000
13.500000 3.500000
2.500000 14.500000
5.500000 6.500000
13.500000 12.500000
18.500000 6.500000
31.500000 40.500000
23.500000 35.500000
23.500000 18.500000
20.500000 31.500000
24.500000 28.500000
15.500000 20.500000
45.500000 17.500000
34.500000 14.500000
41.500000 10.500000
28.500000 12.500000
42.500000 18.500000
33.500000 30.500000
25.500000 26.500000
22.500000 12.500000
4.500000 34.500000
6.500000 22.500000
14.500000 22.500000
26.500000 13.500000
10.500000 14.500000
20.500000 8.500000
11.500000 35.500000
12.500000 21.500000
30.500000 7.500000
35.500000 24.500000
31.500000 19.500000
39.500000 33.500000
11.500000 27.500000
19.500000 40.500000
28.500000 39.500000
46.500000 40.500000
40.500000 17.500000
26.500000 6.500000
36.500000 44.500000
24.500000 29.500000
1.500000 39.500000
19.500000 39.500000
32.500000 29.500000
36.500000 12.500000
40.500000 32.500000
26.500000 20.500000
14.500000 30.500000
7.500000 45.500000
24.500000 35.500000
43.500000 27.500000
26.500000 41.500000
32.500000 20.500000
28.500000 24.500000
26.500000 45.500000
27.500000 33.500000
43.500000 23.500000
25.500000 41.500000
14.500000 25.500000
45.500000 31.500000
38.500000 12.500000
22.500000 4.500000
37.500000 20.500000
25.500000 22.500000
26.500000 42.500000
46.500000 20.500000
41.500000 38.500000
41.500000 31.500000
20.500000 34.500000
25.500000 25.500000
8.500000 8.500000
15.500000 19.500000
6.500000 40.500000
35.500000 31.500000
33.500000 4.500000
3.500000 37.500000
21.500000 22.500000
10.500000 37.500000
6.500000 12.500000
46.500000 13.500000
24.500000 26.500000
36.500000 31.500000
19.500000 47.500000
11.500000 43.500000
8.500000 17.500000
24.500000 25.500000
13.500000 4.500000
39.500000 2.500000
39.500000 26.500000
18.500000 25.500000
1.500000 4.500000
4.500000 7.500000
27.500000 22.500000
28.500000 14.500000
5.500000 32.500000
38.500000 41.500000
47.500000 14.500000
20.500000 37.500000
33.500000 13.500000
6.500000 45.500000
28.500000 27.500000
7.500000 18.500000
22.500000 14.500000
43.500000 35.500000
5.500000 31.500000
11.500000 2.500000
10.500000 12.500000
4.500000 18.500000
33.500000 5.500000
24.500000 37.500000
38.500000 7.500000
35.500000 12.500000
39.500000 45.500000
36.500000 16.500000
30.500000 47.500000
3.500000 1.500000
35.500000 7.500000
43.500000 12.500000
12.500000 17.500000
26.500000 36.500000
47.500000 10.500000
4.500000 17.500000
34.500000 7.500000
24.500000 38.500000
8.500000 33.500000
33.500000 9.500000
22.500000 10.500000
39.500000 41.500000
15.500000 39.500000
10.500000 4.500000
26.500000 38.500000
38.500000 3.500000
19.500000 11.500000
5.500000 42.500000
17.500000 12.500000
5.500000 45.500000
35.500000 22.500000
6.500000 47.500000
42.500000 39.500000
27.500000 7.500000
5.500000 4.500000
22.500000 34.500000
33.500000 40.500000
21.500000 6.500000
40.500000 12.500000
19.500000 43.500000
44.500000 45.500000
27.500000 9.500000
44.500000 39.500000
19.500000 9.500000
23.500000 41.500000
10.500000 6.500000
14.500000 1.500000
38.500000 34.500000
10.500000 40.500000
32.500000 6.500000
21.500000 13.500000
28.500000 8.500000
15.500000 44.500000
8.500000 25.500000
45.500000 15.500000
4.500000 3.500000
38.500000 27.500000
6.500000 3.500000
18.500000 38.500000
45.500000 6.500000
8.500000 26.500000
8.500000 4.500000
26.500000 43.500000
37.500000 31.500000
1.500000 3.500000
40.500000 7.500000
39.500000 6.500000
12.500000 40.500000
21.500000 2.500000
40.500000 41.500000
42.500000 36.500000
10.500000 3.500000
11.500000 6.500000
34.500000 42.500000
14.500000 36.500000
43.500000 1.500000
46.500000 22.500000
7.500000 6.500000
42.500000 40.500000
3.500000 9.500000
2.500000 6.500000
36.500000 40.500000
2.500000 42.500000
24.500000 3.500000
21.500000 45.500000
41.500000 2.500000
3.500000 45.500000
39.500000 11.500000
39.500000 7.500000
3.500000 41.500000
15.500000 42.500000
47.500000 6.500000
5.500000 39.500000
39.500000 3.500000
3.500000 33.500000
46.500000 14.500000
4.500000 32.500000
47.500000 19.500000
3.300000 2.300000
2.300000 3.300000
3.300000 14.700000
3.300000 18.300000
2.300000 23.300000
2.300000 25.700000
3.300000 26.700000
3.300000 30.300000
3.300000 30.700000
3.300000 34.300000
2.300000 35.300000
3.300000 46.700000
14.700000 46.700000
19.300000 46.700000
19.700000 45.700000
23.300000 45.700000
24.300000 46.700000
25.700000 45.700000
29.300000 45.700000
30.300000 46.700000
30.700000 46.700000
35.300000 46.700000
46.700000 46.700000
46.700000 35.300000
46.700000 30.700000
46.700000 19.300000
46.700000 14.700000
46.700000 3.300000
35.300000 2.300000
34.300000 3.300000
30.700000 3.300000
30.300000 2.300000
29.300000 3.300000
25.700000 3.300000
23.300000 2.300000
19.700000 2.300000
19.300000 2.300000
18.300000 3.300000
14.700000 3.300000
3.000000 2.300000
2.300000 2.300000
2.300000 3.000000
2.000000 3.300000
1.300000 3.300000
1.300000 14.700000
3.000000 14.700000
3.300000 15.000000
3.300000 18.000000
3.000000 18.300000
2.300000 18.300000
2.300000 23.000000
2.000000 23.300000
1.300000 23.300000
1.300000 25.700000
2.000000 25.700000
2.300000 26.000000
2.300000 26.700000
3.000000 26.700000
3.300000 27.000000
3.300000 30.000000
3.000000 30.300000
1.300000 30.300000
1.300000 30.700000
3.000000 30.700000
3.300000 31.000000
3.300000 34.000000
3.000000 34.300000
2.300000 34.300000
2.300000 35.000000
2.000000 35.300000
1.300000 35.300000
1.300000 46.700000
3.000000 46.700000
3.300000 47.000000
3.300000 47.700000
14.700000 47.700000
14.700000 47.000000
15.000000 46.700000
19.000000 46.700000
19.300000 47.000000
19.300000 47.700000
19.700000 47.700000
19.700000 46.000000
20.000000 45.700000
23.000000 45.700000
23.300000 46.000000
23.300000 46.700000
24.000000 46.700000
24.300000 47.000000
24.300000 47.700000
25.700000 47.700000
25.700000 46.000000
26.000000 45.700000
29.000000 45.700000
29.300000 46.000000
29.300000 46.700000
30.000000 46.700000
30.300000 47.000000
30.300000 47.700000
30.700000 47.700000
30.700000 47.000000
31.000000 46.700000
35.000000 46.700000
35.300000 47.000000
35.300000 47.700000
46.700000 47.700000
46.700000 47.000000
47.000000 46.700000
47.700000 46.700000
47.700000 35.300000
47.000000 35.300000
46.700000 35.000000
46.700000 31.000000
47.000000 30.700000
47.700000 30.700000
47.700000 19.300000
47.000000 19.300000
46.700000 19.000000
46.700000 15.000000
47.000000 14.700000
47.700000 14.700000
47.700000 3.300000
47.000000 3.300000
46.700000 3.000000
46.700000 1.300000
35.300000 1.300000
35.300000 2.000000
35.000000 2.300000
34.300000 2.300000
34.300000 3.000000
34.000000 3.300000
31.000000 3.300000
30.700000 3.000000
30.700000 1.300000
30.300000 1.300000
30.300000 2.000000
30.000000 2.300000
29.300000 2.300000
29.300000 3.000000
29.000000 3.300000
26.000000 3.300000
25.700000 3.000000
25.700000 1.300000
23.300000 1.300000
23.300000 2.000000
23.000000 2.300000
20.000000 2.300000
19.700000 2.000000
19.700000 1.300000
19.300000 1.300000
19.300000 2.000000
19.000000 2.300000
18.300000 2.300000
18.300000 3.000000
18.000000 3.300000
15.000000 3.300000
14.700000 3.000000
14.700000 1.300000
3.300000 1.300000
3.300000 2.000000
26.300000 10.300000
22.700000 10.300000
22.700000 7.700000
23.700000 6.700000
26.300000 6.700000
26.000000 10.300000
23.000000 10.300000
22.700000 10.000000
22.700000 8.000000
23.000000 7.700000
23.700000 7.700000
23.700000 7.000000
24.000000 6.700000
26.000000 6.700000
26.300000 7.000000
26.300000 10.000000
19.300000 18.300000
18.300000 19.300000
14.700000 19.300000
14.700000 14.700000
19.300000 14.700000
19.000000 18.300000
18.300000 18.300000
18.300000 19.000000
18.000000 19.300000
15.000000 19.300000
14.700000 19.000000
14.700000 15.000000
15.000000 14.700000
19.000000 14.700000
19.300000 15.000000
19.300000 18.000000
35.300000 18.300000
34.300000 19.300000
30.700000 19.300000
30.700000 14.700000
35.300000 14.700000
35.000000 18.300000
34.300000 18.300000
34.300000 19.000000
34.000000 19.300000
31.000000 19.300000
30.700000 19.000000
30.700000 15.000000
31.000000 14.700000
35.000000 14.700000
35.300000 15.000000
35.300000 18.000000
19.300000 34.300000
18.300000 35.300000
14.700000 35.300000
14.700000 30.700000
19.300000 30.700000
19.000000 34.300000
18.300000 34.300000
18.300000 35.000000
18.000000 35.300000
15.000000 35.300000
14.700000 35.000000
14.700000 31.000000
15.000000 30.700000
19.000000 30.700000
19.300000 31.000000
19.300000 34.000000
35.300000 34.300000
34.300000 35.300000
30.700000 35.300000
30.700000 30.700000
35.300000 30.700000
35.000000 34.300000
34.300000 34.300000
34.300000 35.000000
34.000000 35.300000
31.000000 35.300000
30.700000 35.000000
30.700000 31.000000
31.000000 30.700000
35.000000 30.700000
35.300000 31.000000
35.300000 34.000000
0 1
0 140
0 23
0 62
0 131
0 127
0 136
1 0
1 140
1 475
1 23
1 467
1 476
2 17
2 3
2 49
2 110
2 118
2 279
3 2
3 17
3 49
3 101
4 7
4 6
4 104
4 48
4 5
4 151
5 81
5 187
5 7
5 4
5 48
5 103
6 7
6 449
6 4
6 104
6 143
7 6
7 4
7 5
7 82
7 103
7 449
8 164
8 88
8 30
8 195
8 111
9 68
9 64
9 38
9 30
9 39
9 31
9 211
10 413
10 166
10 156
10 228
10 11
10 412
10 214
11 53
11 156
11 411
11 203
11 412
11 10
12 123
12 13
12 47
12 134
12 128
12 205
13 12
13 123
13 47
13 184
14 52
14 24
14 15
14 57
14 229
14 137
14 180
15 14
15 57
15 293
15 137
15 410
15 25
15 409
16 17
16 279
16 233
16 368
16 369
17 2
17 3
17 16
17 279
17 101
17 233
18 197
18 163
18 360
18 361
18 277
19 277
19 197
19 199
19 235
19 363
19 87
19 163
19 226
19 362
20 42
20 60
20 153
20 127
20 445
20 431
20 446
20 432
21 457
21 144
21 153
21 60
21 75
21 97
22 70
22 62
22 91
22 482
22 151
22 106
23 0
23 62
23 91
23 192
23 1
23 61
23 467
24 52
24 14
24 56
24 229
24 41
24 157
25 15
25 409
25 410
26 179
26 215
26 148
26 119
26 464
26 231
26 471
27 148
27 93
27 85
27 174
27 196
27 201
28 33
28 115
28 86
28 102
28 58
28 348
28 273
29 32
29 174
29 115
29 108
29 201
29 219
29 270
30 88
30 38
30 9
30 39
30 8
30 168
30 195
31 9
31 64
31 211
31 373
32 29
32 174
32 108
32 102
32 181
33 105
33 348
33 28
33 115
33 219
34 45
34 149
34 67
34 50
35 190
35 198
35 429
35 430
36 43
36 79
36 73
36 210
37 43
37 84
37 74
37 109
38 30
38 88
38 9
38 68
39 9
39 30
39 211
39 130
39 168
39 252
40 212
40 256
40 414
40 255
40 166
40 296
40 294
41 229
41 202
41 24
41 157
41 121
41 129
42 20
42 60
42 127
42 114
42 136
43 36
43 79
43 217
43 84
43 37
43 74
43 210
44 103
44 82
44 456
44 455
45 34
45 149
45 67
45 176
45 80
45 208
46 209
46 267
46 332
46 333
47 184
47 150
47 99
47 134
47 12
47 13
48 482
48 151
48 4
48 5
48 94
48 491
48 81
49 139
49 213
49 2
49 3
49 101
49 220
49 96
49 118
50 34
50 67
50 149
50 450
50 459
51 66
51 244
51 216
51 161
51 222
51 245
52 14
52 24
52 56
52 57
52 200
52 185
52 183
53 11
53 156
53 293
53 137
53 180
53 411
54 257
54 300
54 236
54 299
55 142
55 121
55 237
55 191
55 234
56 157
56 76
56 52
56 24
56 185
56 434
56 443
57 15
57 14
57 52
57 200
57 292
57 194
57 77
57 409
58 273
58 230
58 86
58 28
58 193
58 488
58 481
59 160
59 148
59 100
59 192
60 20
60 42
60 153
60 21
60 114
60 97
61 23
61 467
61 119
61 192
61 477
61 478
62 0
62 23
62 131
62 91
62 22
62 70
63 439
63 140
63 79
63 74
63 440
63 433
63 122
64 280
64 9
64 68
64 372
64 373
64 31
65 451
65 460
65 162
65 149
65 459
66 51
66 244
66 216
66 168
66 195
67 415
67 75
67 34
67 45
67 198
67 208
67 50
67 450
67 144
68 9
68 64
68 38
68 107
68 113
68 88
68 280
68 116
69 94
69 491
69 492
70 151
70 104
70 22
70 62
70 120
70 131
71 207
71 153
71 75
71 177
71 421
71 183
71 420
72 126
72 265
72 145
72 175
72 249
72 320
72 264
72 251
72 253
73 36
73 79
73 152
73 158
73 210
73 305
73 261
73 259
74 79
74 63
74 43
74 140
74 109
74 37
75 67
75 415
75 144
75 153
75 21
75 71
75 420
76 56
76 157
76 442
76 434
76 129
76 135
76 169
77 57
77 194
77 200
77 422
77 423
77 417
77 177
78 128
78 175
78 231
78 474
78 465
78 473
79 36
79 43
79 74
79 63
79 73
79 152
79 433
79 135
79 169
80 176
80 206
80 394
80 190
80 45
80 208
80 285
80 287
81 5
81 187
81 48
81 94
81 483
81 492
81 213
81 139
81 113
82 7
82 103
82 44
82 456
82 449
83 220
83 204
83 96
83 227
84 43
84 217
84 37
84 98
84 109
84 175
85 215
85 179
85 93
85 27
85 247
85 196
86 28
86 102
86 58
86 170
86 181
86 481
87 19
87 363
87 199
87 364
87 365
87 278
88 30
88 38
88 8
88 164
88 68
88 113
89 394
89 190
89 419
89 428
89 288
89 395
89 429
90 276
90 163
90 146
90 238
90 230
90 357
91 23
91 192
91 62
91 106
91 22
92 126
92 246
92 239
92 325
92 326
93 27
93 148
93 85
93 215
94 48
94 491
94 81
94 492
94 69
95 161
95 244
95 167
95 162
95 451
95 111
96 118
96 154
96 227
96 49
96 83
96 220
97 449
97 143
97 114
97 60
97 21
97 457
98 84
98 109
98 474
98 175
98 466
98 475
99 47
99 134
99 331
99 150
99 188
99 330
100 170
100 106
100 160
100 59
100 192
101 49
101 3
101 107
101 233
101 139
101 17
102 28
102 86
102 108
102 32
102 181
102 115
103 82
103 7
103 44
103 5
103 187
103 448
103 455
104 70
104 151
104 4
104 6
104 143
104 120
105 33
105 348
105 219
105 272
105 347
106 170
106 100
106 192
106 91
106 22
106 481
106 489
106 482
106 490
107 68
107 113
107 116
107 233
107 101
107 139
108 29
108 115
108 102
108 32
109 140
109 74
109 84
109 98
109 37
109 475
110 118
110 154
110 2
110 279
110 366
110 367
111 164
111 451
111 244
111 195
111 8
111 95
112 400
112 225
112 292
112 194
112 401
112 240
112 289
112 418
112 427
113 107
113 68
113 139
113 447
113 448
113 88
113 81
113 164
113 187
114 97
114 60
114 143
114 120
114 136
114 42
115 33
115 28
115 29
115 108
115 102
115 219
116 107
116 233
116 68
116 280
116 254
116 371
117 238
117 146
117 189
117 226
117 204
117 178
117 227
118 96
118 154
118 110
118 2
118 49
119 478
119 463
119 26
119 148
119 464
119 192
119 61
120 131
120 136
120 143
120 114
120 104
120 70
121 41
121 202
121 236
121 129
121 55
121 142
121 234
122 63
122 439
122 440
123 12
123 13
123 249
123 128
123 184
124 132
124 494
124 493
125 159
125 206
125 284
125 385
125 386
126 72
126 265
126 249
126 246
126 92
126 325
126 324
127 20
127 42
127 0
127 136
127 140
127 432
128 249
128 123
128 175
128 12
128 224
128 231
128 78
128 205
129 236
129 257
129 41
129 157
129 121
129 135
129 76
129 172
129 301
130 147
130 374
130 39
130 168
130 171
130 252
131 0
131 62
131 120
131 136
131 70
132 124
132 494
132 220
132 493
132 483
133 336
133 334
133 335
134 47
134 99
134 247
134 224
134 331
134 12
134 267
134 209
134 205
135 129
135 76
135 169
135 152
135 172
135 79
136 131
136 120
136 114
136 127
136 0
136 42
137 15
137 293
137 53
137 180
137 14
138 182
138 250
138 242
138 232
138 380
139 49
139 213
139 107
139 113
139 101
139 81
140 0
140 1
140 475
140 439
140 63
140 74
140 109
140 127
140 432
141 212
141 256
141 298
141 299
141 237
141 297
141 221
142 55
142 121
142 237
142 236
143 449
143 104
143 6
143 97
143 114
143 120
144 457
144 21
144 67
144 75
144 450
144 458
145 72
145 175
145 155
145 253
146 117
146 238
146 163
146 178
146 90
147 130
147 374
147 171
147 375
148 27
148 93
148 160
148 59
148 26
148 119
148 192
148 215
148 174
149 45
149 34
149 50
149 162
149 65
149 176
149 459
150 47
150 184
150 99
150 186
150 188
151 70
151 104
151 482
151 48
151 22
151 4
152 158
152 172
152 73
152 79
152 135
153 71
153 207
153 20
153 60
153 21
153 75
153 445
154 118
154 96
154 110
154 227
154 199
154 278
154 366
155 145
155 175
155 217
155 253
155 319
155 263
155 313
155 262
155 314
156 53
156 11
156 10
156 228
156 180
157 56
157 76
157 24
157 41
157 129
158 152
158 172
158 73
158 302
158 258
158 305
159 125
159 206
159 284
159 173
159 167
160 59
160 148
160 181
160 170
160 100
160 174
161 182
161 167
161 95
161 244
161 51
161 223
161 245
162 65
162 451
162 167
162 95
162 149
162 176
163 178
163 146
163 90
163 276
163 226
163 18
163 197
163 19
163 360
163 358
163 359
164 8
164 88
164 111
164 451
164 461
164 113
164 447
164 462
165 354
165 355
165 353
165 352
166 413
166 10
166 40
166 212
166 414
166 214
167 182
167 161
167 162
167 95
167 159
167 173
167 284
167 176
168 195
168 30
168 39
168 130
168 171
168 216
168 66
169 135
169 76
169 79
169 433
169 441
169 442
170 106
170 100
170 181
170 160
170 481
170 86
171 376
171 248
171 147
171 375
171 168
171 130
171 216
172 158
172 152
172 135
172 129
172 301
172 302
173 159
173 167
173 176
173 206
174 29
174 32
174 201
174 160
174 148
174 181
174 27
175 145
175 72
175 249
175 128
175 474
175 98
175 78
175 155
175 217
175 84
176 80
176 206
176 45
176 149
176 173
176 162
176 167
177 421
177 416
177 200
177 183
177 71
177 77
177 422
178 163
178 146
178 226
178 117
179 26
179 215
179 85
179 224
179 231
179 247
180 218
180 228
180 137
180 53
180 14
180 202
180 156
180 229
181 170
181 160
181 102
181 32
181 174
181 86
182 167
182 161
182 138
182 250
182 284
182 223
182 380
182 283
182 381
183 177
183 200
183 444
183 435
183 71
183 52
183 185
183 207
184 47
184 150
184 246
184 239
184 13
184 243
184 186
184 123
184 249
185 52
185 56
185 183
185 443
185 444
186 150
186 188
186 184
186 243
186 328
186 266
187 5
187 81
187 103
187 113
187 448
188 150
188 186
188 329
188 330
188 99
188 328
189 117
189 226
189 199
189 235
189 227
190 35
190 198
190 394
190 89
190 80
190 208
190 429
191 212
191 237
191 214
191 234
191 55
192 91
192 23
192 106
192 59
192 100
192 148
192 119
192 61
193 230
193 58
193 238
193 480
193 488
193 487
194 292
194 57
194 77
194 417
194 418
194 112
195 168
195 30
195 8
195 244
195 111
195 66
196 247
196 209
196 269
196 27
196 85
196 201
196 241
196 338
197 277
197 19
197 18
197 163
198 67
198 208
198 190
198 35
198 415
198 430
199 19
199 235
199 87
199 278
199 154
199 227
199 189
200 57
200 52
200 177
200 183
200 77
201 29
201 174
201 270
201 196
201 27
201 241
201 339
202 229
202 41
202 121
202 180
202 218
202 234
203 411
203 412
203 11
204 83
204 220
204 494
204 479
204 117
204 238
204 227
204 480
205 134
205 12
205 128
205 224
206 159
206 125
206 80
206 176
206 173
206 285
206 386
207 71
207 153
207 183
207 435
207 445
208 198
208 67
208 80
208 190
208 45
209 247
209 196
209 134
209 267
209 269
209 46
209 333
210 261
210 217
210 73
210 36
210 43
211 39
211 9
211 31
211 252
211 373
212 40
212 256
212 141
212 237
212 191
212 166
212 214
213 49
213 139
213 220
213 81
213 483
214 191
214 234
214 218
214 166
214 10
214 212
214 228
215 26
215 179
215 85
215 93
215 148
216 51
216 66
216 168
216 282
216 232
216 171
216 222
216 242
216 248
217 43
217 84
217 261
217 210
217 155
217 175
217 313
218 180
218 228
218 202
218 214
218 234
219 105
219 33
219 29
219 270
219 115
219 272
220 49
220 213
220 83
220 204
220 494
220 483
220 96
220 132
221 141
221 297
221 298
222 242
222 223
222 216
222 51
222 245
223 242
223 222
223 182
223 250
223 161
223 245
224 134
224 247
224 179
224 231
224 128
224 205
225 112
225 400
225 401
226 189
226 117
226 178
226 163
226 19
226 235
227 154
227 96
227 199
227 189
227 117
227 83
227 204
228 218
228 180
228 156
228 10
228 214
229 202
229 41
229 24
229 14
229 180
230 273
230 58
230 193
230 238
230 90
230 356
230 357
231 224
231 179
231 128
231 78
231 26
231 471
231 472
231 465
232 282
232 216
232 138
232 242
232 379
232 378
232 380
233 116
233 107
233 101
233 16
233 17
233 370
233 254
233 369
234 214
234 191
234 218
234 202
234 121
234 55
235 19
235 199
235 189
235 226
236 257
236 129
236 54
236 121
236 142
236 237
236 299
237 212
237 191
237 141
237 142
237 55
237 299
237 236
238 117
238 146
238 193
238 230
238 204
238 90
238 480
239 246
239 184
239 243
239 326
239 92
240 396
240 289
240 112
240 288
240 427
240 428
241 201
241 196
241 338
241 339
242 223
242 222
242 216
242 138
242 232
242 250
243 184
243 186
243 239
243 326
243 266
243 327
244 66
244 51
244 161
244 95
244 111
244 195
245 223
245 161
245 222
245 51
246 239
246 184
246 249
246 126
246 92
247 209
247 196
247 134
247 224
247 85
247 179
248 376
248 171
248 216
248 282
248 377
249 123
249 128
249 175
249 72
249 126
249 246
249 184
250 138
250 182
250 223
250 242
251 72
251 253
251 320
251 319
252 373
252 281
252 130
252 39
252 374
252 211
253 251
253 72
253 145
253 155
253 319
254 370
254 233
254 116
254 371
255 40
255 414
255 294
256 212
256 40
256 141
256 296
256 297
257 236
257 129
257 54
257 300
257 301
258 302
258 158
258 303
258 305
259 305
259 73
259 309
259 306
259 260
259 261
260 259
260 309
260 261
260 312
260 310
261 217
261 210
261 73
261 259
261 260
261 313
261 312
262 155
262 314
262 263
262 318
262 315
263 155
263 319
263 262
263 318
264 72
264 320
264 321
264 265
264 323
265 126
265 72
265 264
265 324
265 323
266 186
266 243
266 327
266 328
267 134
267 209
267 331
267 46
267 332
268 337
268 334
268 333
269 196
269 209
269 333
269 337
269 338
270 219
270 29
270 201
270 271
270 340
270 339
270 272
271 270
271 340
271 272
271 342
271 343
271 346
272 105
272 219
272 270
272 271
272 346
272 347
273 230
273 58
273 274
273 275
273 356
273 348
273 28
273 349
274 273
274 275
274 349
274 351
274 352
275 273
275 274
275 352
275 355
275 356
276 90
276 163
276 357
276 358
277 19
277 197
277 361
277 18
277 362
278 199
278 87
278 154
278 365
278 366
279 16
279 17
279 2
279 110
279 368
279 367
280 64
280 372
280 68
280 116
280 371
281 373
281 252
281 374
282 232
282 216
282 248
282 378
282 377
283 182
283 381
283 284
283 382
284 125
284 159
284 167
284 182
284 385
284 283
284 382
284 384
285 80
285 206
285 287
285 386
285 387
286 387
286 391
286 388
286 390
287 80
287 285
287 394
287 387
287 393
288 428
288 89
288 395
288 396
288 240
289 240
289 396
289 112
289 400
289 397
289 399
290 291
290 402
290 292
290 401
291 290
291 402
291 292
291 408
291 405
291 406
292 57
292 194
292 112
292 401
292 291
292 408
292 290
292 409
293 15
293 137
293 410
293 53
293 411
294 295
294 296
294 255
294 40
295 294
295 296
296 40
296 256
296 294
296 295
297 141
297 221
297 256
297 298
298 141
298 299
298 297
298 221
299 141
299 298
299 54
299 300
299 237
299 236
300 257
300 54
300 299
301 129
301 172
301 257
301 302
302 258
302 158
302 172
302 301
303 258
303 305
303 304
304 303
304 305
305 158
305 73
305 259
305 258
305 303
305 304
306 309
306 259
306 307
306 308
307 306
307 308
308 306
308 307
308 309
309 259
309 306
309 260
309 308
310 260
310 311
310 312
311 310
311 312
312 261
312 260
312 310
312 311
313 155
313 217
313 261
313 314
314 262
314 155
314 313
315 316
315 262
315 318
315 317
316 315
316 317
317 315
317 316
317 318
318 263
318 262
318 315
318 317
319 253
319 155
319 263
319 251
319 320
320 72
320 264
320 251
320 319
321 264
321 322
321 323
322 321
322 323
323 264
323 265
323 321
323 322
324 126
324 265
324 325
325 126
325 92
325 324
325 326
326 239
326 243
326 327
326 92
326 325
327 243
327 266
327 326
328 186
328 188
328 266
328 329
329 188
329 330
329 328
330 188
330 329
330 331
330 99
331 99
331 134
331 267
331 330
332 333
332 267
332 46
333 332
333 269
333 209
333 337
333 46
333 268
334 133
334 336
334 337
334 268
334 335
335 334
335 133
335 336
336 133
336 334
336 337
336 335
337 336
337 334
337 269
337 333
337 268
338 241
338 196
338 269
338 339
339 270
339 201
339 241
339 338
340 341
340 271
340 270
340 342
341 340
341 342
342 341
342 271
342 340
343 345
343 346
343 271
343 344
344 343
344 345
345 343
345 346
345 344
346 343
346 345
346 271
346 272
347 272
347 105
347 348
348 33
348 105
348 28
348 273
348 347
349 350
349 273
349 351
349 274
350 349
350 351
351 349
351 350
351 274
352 275
352 355
352 274
352 353
352 165
353 165
353 354
353 352
354 165
354 355
354 353
355 165
355 354
355 275
355 352
356 230
356 273
356 275
356 357
357 276
357 90
357 230
357 356
358 359
358 276
358 163
359 358
359 163
359 360
360 361
360 163
360 18
360 359
361 360
361 277
361 18
362 277
362 19
362 363
363 19
363 87
363 364
363 362
364 87
364 365
364 363
365 87
365 364
365 278
366 154
366 110
366 367
366 278
367 366
367 279
367 110
368 16
368 279
368 369
369 16
369 233
369 368
369 370
370 254
370 233
370 371
370 369
371 370
371 280
371 116
371 254
372 280
372 64
372 373
373 281
373 252
373 64
373 372
373 211
373 31
374 147
374 130
374 252
374 281
374 375
375 171
375 147
375 374
375 376
376 248
376 171
376 375
376 377
377 376
377 248
377 282
378 379
378 232
378 282
379 232
379 378
379 380
380 182
380 138
380 381
380 232
380 379
381 283
381 182
381 380
382 284
382 283
382 383
382 384
383 382
383 384
384 284
384 382
384 383
385 125
385 284
385 386
386 285
386 206
386 125
386 385
387 388
387 286
387 391
387 287
387 393
387 285
388 387
388 286
388 389
388 390
389 388
389 390
390 286
390 388
390 389
391 387
391 286
391 393
391 392
392 391
392 393
393 287
393 387
393 391
393 392
394 89
394 190
394 80
394 287
394 395
395 89
395 394
395 288
396 240
396 289
396 397
396 288
397 396
397 289
397 398
397 399
398 397
398 399
399 289
399 397
399 398
400 112
400 225
400 289
400 401
401 112
401 225
401 292
401 290
401 400
402 291
402 290
402 405
402 403
403 402
403 404
403 405
404 403
404 405
405 291
405 402
405 403
405 404
406 407
406 291
406 408
407 406
407 408
408 292
408 291
408 406
408 407
409 25
409 15
409 57
409 292
409 410
410 15
410 293
410 25
410 409
411 412
411 203
411 11
411 53
411 293
412 411
412 203
412 11
412 10
412 413
413 166
413 10
413 414
413 412
414 40
414 255
414 166
414 413
415 67
415 75
415 198
415 430
415 420
416 177
416 421
416 422
417 194
417 418
417 77
417 423
417 426
417 424
418 194
418 417
418 112
418 426
418 427
419 89
419 428
419 429
420 71
420 75
420 421
420 415
421 177
421 416
421 71
421 420
422 77
422 423
422 177
422 416
423 77
423 422
423 417
424 425
424 417
424 426
425 424
425 426
426 418
426 417
426 424
426 425
427 112
427 240
427 418
427 428
428 419
428 89
428 288
428 240
428 427
429 190
429 35
429 89
429 419
429 430
430 415
430 198
430 35
430 429
431 20
431 446
431 432
431 436
432 140
432 127
432 20
432 431
432 436
432 438
432 439
433 63
433 440
433 79
433 441
433 169
434 76
434 442
434 443
434 56
435 183
435 444
435 207
435 445
436 431
436 432
436 438
436 437
437 438
437 436
438 437
438 432
438 436
439 63
439 140
439 122
439 432
439 440
440 63
440 433
440 122
440 439
441 433
441 442
441 169
442 76
442 434
442 441
442 169
443 434
443 56
443 185
443 444
444 183
444 435
444 443
444 185
445 20
445 153
445 207
445 446
445 435
446 431
446 20
446 445
447 113
447 448
447 164
447 452
447 462
448 113
448 447
448 187
448 103
448 452
448 454
448 455
449 143
449 6
449 97
449 7
449 457
449 456
449 82
450 50
450 67
450 144
450 458
450 459
451 164
451 111
451 65
451 460
451 162
451 461
451 95
452 447
452 448
452 454
452 453
453 454
453 452
454 453
454 448
454 452
455 44
455 103
455 448
455 456
456 44
456 82
456 449
456 455
457 144
457 21
457 449
457 97
457 458
458 450
458 144
458 457
459 450
459 50
459 149
459 65
459 460
460 451
460 65
460 459
461 451
461 164
461 462
462 447
462 461
462 164
463 468
463 470
463 119
463 478
463 464
464 26
464 119
464 463
464 471
464 470
465 472
465 231
465 78
465 473
466 474
466 98
466 475
467 61
467 23
467 1
467 476
467 477
468 463
468 470
468 469
469 468
469 470
470 463
470 468
470 464
470 469
471 26
471 231
471 464
471 472
472 465
472 231
472 471
473 465
473 78
473 474
474 98
474 175
474 466
474 78
474 473
475 1
475 140
475 109
475 98
475 466
475 476
476 467
476 1
476 475
477 478
477 467
477 61
478 477
478 119
478 463
478 61
479 494
479 484
479 204
479 480
480 238
480 193
480 204
480 479
480 484
480 486
480 487
481 106
481 170
481 86
481 58
481 489
481 488
482 48
482 151
482 22
482 106
482 490
482 491
483 81
483 492
483 493
483 213
483 220
483 132
484 479
484 480
484 486
484 485
485 486
485 484
486 485
486 484
486 480
487 480
487 193
487 488
488 58
488 193
488 481
488 487
489 106
489 481
489 490
490 106
490 489
490 482
491 94
491 48
491 69
491 482
491 492
492 483
492 81
492 94
492 69
492 491
493 483
493 132
493 124
493 494
494 479
494 132
494 124
494 220
494 204
494 493
0 1
2 3
4 5
6 7
8 9
10 11
12 13
14 15
16 17
18 19
20 21
22 23
24 25
26 27
28 29
30 31
32 33
34 35
36 37
38 39
40 41
42 43
44 45
46 47
48 49
50 51
52 53
54 55
56 57
58 59
60 61
62 63
64 65
66 67
68 69
70 71
72 73
74 75
76 77
78 79
80 81
82 83
84 85
86 87
88 89
90 91
92 93
94 95
96 97
98 99
100 101
102 103
104 105
106 107
108 109
110 111
112 113
114 115
116 117
118 119
120 121
122 123
124 125
126 127
128 129
130 131
132 133
134 135
136 137
138 139
140 141
142 143
144 145
146 147
148 149
150 151
125 152
153 154
155 156
113 157
158 159
160 161
162 163
164 165
166 167
168 169
170 171
172 164
173 174
175 176
177 178
179 180
181 182
183 184
185 186
187 188
189 190
191 192
193 194
195 196
197 198
199 200
201 202
203 204
205 206
207 197
208 209
210 211
212 213
214 215
216 217
218 219
220 221
165 222
223 224
225 226
227 228
229 230
231 232
233 234
235 236
237 238
239 240
241 242
243 244
245 246
247 248
249 250
251 252
253 254
0.300000
