100 2000 2
2.000000 2.000000
8.000000 8.000000
2.000000 8.000000
8.000000 2.000000
8.397392 5.956996
3.714618 3.530348
2.893793 8.551944
7.683617 1.317657
4.503457 7.064947
5.895755 5.537094
4.909435 7.074879
5.756458 5.390969
6.502695 7.939793
7.045165 4.840629
5.735304 5.183555
2.290729 3.030005
1.789706 3.441502
5.193995 8.928255
8.881285 6.748777
2.295145 1.677919
5.466117 6.459886
3.104086 4.295792
6.184093 7.629548
8.045022 7.750636
7.713761 3.611530
7.580755 4.631495
4.813771 8.633342
5.855405 4.986129
5.324274 6.993785
5.194407 8.654007
6.639661 1.894237
2.480681 4.846309
8.528010 5.656287
5.240023 6.974877
5.863269 5.940811
7.543171 7.967254
6.316484 8.534589
5.090316 7.326647
8.498994 7.461444
5.801313 7.445726
7.855708 8.786337
5.789308 5.034619
7.154335 2.287936
7.990373 3.982836
3.101726 4.638643
8.095013 2.568938
1.170090 2.198731
4.026325 1.468646
6.329598 1.113152
1.831830 4.867686
2.116324 2.886079
8.895745 5.206549
7.039446 6.692708
7.130613 2.703465
3.821729 6.041809
4.820650 4.950754
5.756242 8.330718
8.776916 1.194633
1.162454 4.765435
8.151701 5.705561
4.097579 6.148150
7.037647 5.814178
2.032204 3.803193
1.160561 1.973432
1.083993 8.546710
4.523005 3.310097
3.095499 7.778740
6.861732 6.213585
8.745209 6.207478
4.143702 8.586583
3.106718 6.574602
2.896994 8.660085
5.865332 8.682212
7.300533 5.377237
8.755187 8.454270
8.432928 2.846450
4.194076 6.972383
4.568399 6.663097
6.955275 4.122442
7.793420 8.386975
1.546440 4.297643
5.479220 2.660520
5.056095 1.963449
6.041447 1.630773
2.155721 6.579460
3.873748 3.828708
3.723157 5.115829
6.727825 8.504657
4.048986 4.158338
4.885727 3.464030
8.555564 2.154908
8.021071 1.583743
3.623124 3.779688
7.829013 3.956343
6.551019 8.542525
6.865679 8.650532
6.365974 5.495776
3.601728 7.937740
2.993294 5.698022
6.603169 1.440140
0 0
0 19
0 63
0 46
0 50
0 15
0 16
0 62
0 47
0 5
0 80
0 92
0 21
0 85
0 65
0 44
0 49
0 31
0 58
0 88
1 1
1 23
1 79
1 35
1 38
1 40
1 74
1 95
1 87
1 12
1 18
1 94
1 52
1 36
1 22
1 68
1 4
1 67
1 72
1 39
2 2
2 6
2 64
2 71
2 66
2 84
2 97
2 70
2 69
2 76
2 98
2 8
2 54
2 60
2 26
2 77
2 10
2 49
2 37
2 31
3 3
3 91
3 90
3 45
3 7
3 42
3 75
3 53
3 57
3 30
3 99
3 24
3 48
3 93
3 43
3 83
3 78
3 81
3 25
3 82
4 4
4 32
4 59
4 68
4 51
4 18
4 73
4 61
4 38
4 52
4 25
4 67
4 13
4 23
4 43
4 93
4 1
4 96
4 35
4 78
5 5
5 92
5 85
5 88
5 65
5 21
5 89
5 44
5 15
5 86
5 62
5 50
5 55
5 31
5 16
5 81
5 82
5 47
5 98
5 0
6 6
6 71
6 66
6 97
6 2
6 69
6 64
6 26
6 70
6 76
6 84
6 8
6 29
6 17
6 10
6 37
6 77
6 54
6 60
6 33
7 7
7 91
7 3
7 99
7 57
7 42
7 30
7 90
7 45
7 48
7 53
7 83
7 75
7 24
7 81
7 93
7 43
7 82
7 78
7 25
8 8
8 76
8 10
8 77
8 37
8 33
8 28
8 60
8 20
8 54
8 97
8 39
8 70
8 69
8 66
8 26
8 29
8 34
8 22
8 56
9 9
9 11
9 14
9 34
9 96
9 41
9 27
9 20
9 61
9 67
9 55
9 13
9 73
9 28
9 33
9 52
9 77
9 78
9 10
9 60
10 10
10 37
10 33
10 8
10 28
10 77
10 76
10 20
10 39
10 60
10 22
10 34
10 54
10 56
10 26
10 97
10 29
10 69
10 12
10 9
11 11
11 9
11 14
11 41
11 27
11 34
11 96
11 55
11 20
11 61
11 67
11 13
11 73
11 28
11 33
11 77
11 78
11 60
11 52
11 10
12 12
12 22
12 94
12 87
12 36
12 95
12 56
12 39
12 72
12 35
12 52
12 79
12 29
12 1
12 28
12 37
12 23
12 33
12 40
12 17
13 13
13 25
13 73
13 78
13 96
13 61
13 93
13 27
13 41
13 43
13 9
13 14
13 67
13 24
13 11
13 59
13 34
13 32
13 4
13 52
14 14
14 41
14 11
14 27
14 9
14 96
14 34
14 55
14 20
14 13
14 61
14 67
14 73
14 78
14 28
14 33
14 77
14 60
14 89
14 25
15 15
15 50
15 16
15 62
15 0
15 19
15 46
15 80
15 21
15 5
15 92
15 63
15 85
15 44
15 31
15 49
15 58
15 88
15 65
15 47
16 16
16 62
16 50
16 15
16 80
16 46
16 49
16 0
16 58
16 31
16 21
16 63
16 44
16 19
16 92
16 5
16 85
16 88
16 98
16 86
17 17
17 29
17 26
17 72
17 56
17 69
17 36
17 94
17 87
17 39
17 37
17 22
17 12
17 95
17 10
17 97
17 28
17 33
17 8
17 76
18 18
18 68
18 38
18 4
18 32
18 59
18 23
18 1
18 51
18 74
18 35
18 52
18 79
18 61
18 67
18 73
18 40
18 25
18 13
18 12
19 19
19 0
19 63
19 50
19 46
19 15
19 47
19 16
19 62
19 5
19 92
19 85
19 80
19 21
19 65
19 82
19 88
19 44
19 89
19 31
20 20
20 28
20 33
20 34
20 10
20 77
20 37
20 9
20 39
20 11
20 8
20 14
20 96
20 76
20 22
20 60
20 67
20 41
20 27
20 52
21 21
21 44
21 92
21 31
21 85
21 88
21 5
21 86
21 62
21 49
21 98
21 15
21 80
21 16
21 50
21 65
21 55
21 54
21 89
21 58
22 22
22 39
22 12
22 56
22 36
22 94
22 87
22 28
22 72
22 37
22 33
22 95
22 52
22 20
22 10
22 35
22 29
22 67
22 17
22 26
23 23
23 1
23 38
23 35
23 79
23 74
23 40
23 18
23 52
23 95
23 87
23 12
23 94
23 68
23 4
23 22
23 36
23 67
23 59
23 32
24 24
24 93
24 43
24 78
24 25
24 75
24 53
24 45
24 13
24 42
24 3
24 90
24 73
24 51
24 30
24 91
24 59
24 32
24 7
24 61
25 25
25 13
25 93
25 43
25 73
25 78
25 24
25 59
25 61
25 32
25 51
25 96
25 4
25 67
25 27
25 41
25 9
25 14
25 68
25 11
26 26
26 29
26 17
26 69
26 56
26 72
26 37
26 97
26 36
26 39
26 10
26 8
26 22
26 33
26 28
26 94
26 76
26 12
26 71
26 87
27 27
27 41
27 14
27 11
27 9
27 96
27 34
27 55
27 13
27 78
27 61
27 73
27 20
27 67
27 25
27 89
27 88
27 28
27 52
27 33
28 28
28 33
28 37
28 10
28 20
28 39
28 8
28 77
28 22
28 76
28 34
28 56
28 60
28 12
28 9
28 11
28 29
28 26
28 67
28 52
29 29
29 17
29 26
29 56
29 72
29 69
29 36
29 37
29 39
29 94
29 22
29 12
29 87
29 10
29 28
29 95
29 33
29 8
29 97
29 76
30 30
30 99
30 42
30 83
30 48
30 53
30 7
30 3
30 81
30 91
30 82
30 45
30 90
30 24
30 75
30 57
30 78
30 89
30 93
30 43
31 31
31 49
31 44
31 21
31 98
31 80
31 62
31 86
31 58
31 92
31 16
31 88
31 85
31 84
31 54
31 5
31 15
31 70
31 50
31 60
32 32
32 4
32 59
32 51
32 68
32 18
32 73
32 25
32 61
32 13
32 67
32 43
32 38
32 52
32 93
32 23
32 96
32 78
32 24
32 1
33 33
33 28
33 10
33 37
33 20
33 39
33 77
33 8
33 76
33 22
33 34
33 60
33 56
33 9
33 12
33 11
33 29
33 54
33 26
33 67
34 34
34 9
34 11
34 20
34 96
34 14
34 41
34 27
34 67
34 61
34 28
34 33
34 52
34 55
34 10
34 77
34 39
34 73
34 37
34 13
35 35
35 1
35 79
35 23
35 40
35 95
35 87
35 12
35 38
35 94
35 74
35 36
35 52
35 22
35 18
35 39
35 56
35 72
35 67
35 68
36 36
36 94
36 87
36 72
36 95
36 56
36 12
36 22
36 29
36 17
36 39
36 35
36 79
36 26
36 40
36 37
36 1
36 28
36 33
36 23
37 37
37 10
37 33
37 28
37 8
37 39
37 77
37 20
37 76
37 22
37 56
37 29
37 26
37 12
37 60
37 72
37 69
37 34
37 17
37 97
38 38
38 23
38 1
38 18
38 74
38 35
38 79
38 68
38 40
38 4
38 52
38 59
38 32
38 95
38 12
38 87
38 67
38 61
38 94
38 51
39 39
39 22
39 28
39 37
39 33
39 12
39 56
39 10
39 20
39 36
39 72
39 94
39 29
39 8
39 87
39 52
39 77
39 34
39 26
39 17
40 40
40 79
40 1
40 35
40 74
40 95
40 23
40 87
40 94
40 38
40 36
40 12
40 72
40 22
40 56
40 52
40 18
40 39
40 29
40 17
41 41
41 27
41 14
41 11
41 9
41 96
41 34
41 55
41 13
41 20
41 61
41 78
41 73
41 67
41 89
41 25
41 88
41 28
41 33
41 60
42 42
42 53
42 30
42 3
42 45
42 99
42 7
42 91
42 83
42 75
42 90
42 48
42 24
42 81
42 93
42 78
42 43
42 57
42 82
42 25
43 43
43 93
43 24
43 25
43 78
43 75
43 13
43 45
43 51
43 53
43 73
43 59
43 32
43 42
43 90
43 3
43 4
43 61
43 96
43 68
44 44
44 21
44 31
44 86
44 92
44 88
44 98
44 85
44 5
44 49
44 62
44 54
44 80
44 55
44 16
44 15
44 60
44 70
44 58
44 65
45 45
45 75
45 3
45 90
45 53
45 42
45 91
45 24
45 7
45 93
45 43
45 57
45 30
45 99
45 78
45 25
45 83
45 48
45 13
45 81
46 46
46 63
46 0
46 50
46 19
46 16
46 15
46 62
46 80
46 58
46 49
46 21
46 5
46 92
46 47
46 31
46 44
46 85
46 88
46 65
47 47
47 82
47 19
47 81
47 65
47 83
47 5
47 0
47 89
47 48
47 15
47 92
47 85
47 50
47 99
47 30
47 88
47 63
47 46
47 21
48 48
48 99
48 83
48 30
48 7
48 42
48 82
48 91
48 81
48 53
48 3
48 45
48 47
48 57
48 90
48 75
48 89
48 65
48 24
48 78
49 49
49 80
49 31
49 58
49 62
49 44
49 21
49 16
49 98
49 84
49 15
49 86
49 50
49 92
49 70
49 85
49 5
49 54
49 88
49 60
50 50
50 15
50 16
50 0
50 62
50 46
50 19
50 63
50 80
50 21
50 5
50 92
50 31
50 85
50 49
50 44
50 58
50 88
50 47
50 65
51 51
51 32
51 59
51 4
51 68
51 25
51 43
51 18
51 73
51 93
51 13
51 61
51 24
51 78
51 67
51 38
51 52
51 75
51 96
51 23
52 52
52 67
52 61
52 22
52 73
52 12
52 35
52 96
52 34
52 39
52 23
52 59
52 4
52 20
52 1
52 9
52 38
52 28
52 68
52 32
53 53
53 42
53 30
53 45
53 24
53 3
53 75
53 99
53 78
53 91
53 93
53 7
53 90
53 83
53 43
53 81
53 48
53 25
53 13
53 82
54 54
54 60
54 70
54 98
54 86
54 77
54 76
54 8
54 55
54 10
54 44
54 20
54 33
54 84
54 28
54 31
54 37
54 66
54 21
54 88
55 55
55 14
55 41
55 11
55 27
55 88
55 86
55 9
55 60
55 34
55 85
55 54
55 89
55 96
55 20
55 65
55 92
55 77
55 44
55 5
56 56
56 72
56 36
56 29
56 17
56 22
56 94
56 12
56 39
56 87
56 26
56 95
56 37
56 28
56 33
56 10
56 69
56 8
56 35
56 20
57 57
57 91
57 90
57 7
57 3
57 45
57 75
57 42
57 99
57 53
57 30
57 48
57 24
57 83
57 43
57 93
57 78
57 81
57 25
57 82
58 58
58 80
58 49
58 62
58 31
58 16
58 44
58 21
58 98
58 84
58 15
58 50
58 46
58 86
58 92
58 70
58 63
58 5
58 85
58 0
59 59
59 4
59 32
59 68
59 51
59 73
59 61
59 25
59 18
59 67
59 13
59 52
59 43
59 93
59 38
59 96
59 78
59 23
59 24
59 9
60 60
60 54
60 77
60 76
60 8
60 70
60 86
60 98
60 10
60 55
60 20
60 33
60 28
60 37
60 34
60 44
60 11
60 97
60 9
60 14
61 61
61 67
61 73
61 96
61 52
61 13
61 59
61 9
61 34
61 25
61 11
61 4
61 27
61 14
61 41
61 32
61 78
61 20
61 68
61 51
62 62
62 16
62 80
62 15
62 50
62 49
62 31
62 21
62 58
62 44
62 92
62 5
62 0
62 46
62 85
62 63
62 88
62 98
62 86
62 19
63 63
63 46
63 0
63 19
63 50
63 15
63 16
63 62
63 80
63 58
63 47
63 49
63 5
63 21
63 92
63 31
63 85
63 44
63 65
63 88
64 64
64 2
64 6
64 71
64 66
64 84
64 97
64 70
64 69
64 98
64 76
64 54
64 8
64 26
64 49
64 58
64 60
64 31
64 77
64 10
65 65
65 89
65 85
65 5
65 88
65 92
65 81
65 82
65 55
65 21
65 47
65 44
65 86
65 41
65 27
65 14
65 15
65 83
65 11
65 50
66 66
66 97
66 6
66 71
66 2
66 70
66 69
66 76
66 84
66 8
66 77
66 54
66 60
66 26
66 10
66 37
66 98
66 64
66 29
66 33
67 67
67 61
67 52
67 96
67 73
67 34
67 9
67 11
67 13
67 59
67 20
67 14
67 4
67 22
67 27
67 41
67 39
67 28
67 25
67 32
68 68
68 4
68 18
68 32
68 59
68 51
68 38
68 73
68 23
68 61
68 52
68 67
68 1
68 25
68 35
68 13
68 74
68 43
68 79
68 93
69 69
69 26
69 97
69 29
69 17
69 71
69 6
69 66
69 8
69 37
69 76
69 56
69 10
69 72
69 33
69 77
69 28
69 39
69 36
69 2
70 70
70 98
70 54
70 84
70 60
70 76
70 66
70 97
70 77
70 8
70 86
70 2
70 31
70 10
70 44
70 6
70 71
70 37
70 49
70 33
71 71
71 6
71 66
71 97
71 2
71 69
71 64
71 26
71 70
71 76
71 84
71 8
71 29
71 17
71 10
71 37
71 77
71 54
71 60
71 56
72 72
72 56
72 36
72 29
72 94
72 17
72 87
72 12
72 95
72 26
72 22
72 39
72 37
72 69
72 28
72 33
72 35
72 10
72 79
72 40
73 73
73 61
73 13
73 25
73 59
73 96
73 67
73 4
73 32
73 78
73 52
73 9
73 27
73 93
73 34
73 11
73 41
73 43
73 14
73 51
74 74
74 1
74 40
74 79
74 23
74 38
74 35
74 18
74 95
74 87
74 94
74 68
74 12
74 36
74 52
74 4
74 22
74 32
74 59
74 72
75 75
75 45
75 90
75 3
75 24
75 43
75 93
75 53
75 91
75 42
75 57
75 7
75 78
75 25
75 30
75 99
75 51
75 13
75 83
75 48
76 76
76 8
76 77
76 10
76 60
76 37
76 54
76 33
76 28
76 97
76 70
76 66
76 20
76 69
76 39
76 98
76 26
76 86
76 29
76 34
77 77
77 8
77 76
77 10
77 60
77 33
77 28
77 37
77 20
77 54
77 39
77 70
77 34
77 97
77 55
77 9
77 11
77 86
77 98
77 66
78 78
78 13
78 25
78 93
78 24
78 43
78 73
78 27
78 53
78 41
78 96
78 14
78 61
78 11
78 9
78 42
78 45
78 75
78 59
78 81
79 79
79 40
79 1
79 35
79 23
79 74
79 95
79 87
79 38
79 94
79 12
79 36
79 22
79 52
79 72
79 18
79 56
79 39
79 67
79 68
80 80
80 58
80 49
80 62
80 16
80 31
80 15
80 50
80 21
80 44
80 98
80 46
80 92
80 5
80 86
80 0
80 63
80 84
80 85
80 88
81 81
81 82
81 89
81 65
81 83
81 30
81 53
81 99
81 42
81 48
81 47
81 5
81 85
81 88
81 78
81 92
81 27
81 55
81 41
81 24
82 82
82 81
82 83
82 47
82 65
82 89
82 48
82 30
82 99
82 5
82 42
82 53
82 85
82 92
82 88
82 7
82 19
82 78
82 3
82 15
83 83
83 48
83 99
83 30
83 82
83 81
83 42
83 53
83 7
83 91
83 3
83 47
83 89
83 45
83 65
83 90
83 24
83 78
83 75
83 57
84 84
84 70
84 98
84 2
84 66
84 49
84 54
84 31
84 97
84 60
84 58
84 76
84 6
84 86
84 44
84 71
84 64
84 80
84 8
84 77
85 85
85 92
85 5
85 88
85 65
85 21
85 89
85 44
85 86
85 55
85 31
85 15
85 62
85 81
85 50
85 98
85 16
85 82
85 54
85 41
86 86
86 44
86 54
86 98
86 88
86 21
86 60
86 55
86 31
86 85
86 92
86 70
86 5
86 77
86 49
86 76
86 65
86 14
86 89
86 11
87 87
87 94
87 95
87 36
87 12
87 72
87 35
87 56
87 22
87 79
87 40
87 1
87 39
87 23
87 29
87 17
87 52
87 26
87 37
87 74
88 88
88 85
88 92
88 5
88 21
88 65
88 86
88 44
88 89
88 55
88 31
88 98
88 54
88 41
88 14
88 27
88 60
88 62
88 81
88 15
89 89
89 65
89 81
89 85
89 88
89 5
89 92
89 55
89 82
89 27
89 41
89 14
89 21
89 86
89 11
89 44
89 83
89 78
89 47
89 9
90 90
90 3
90 45
90 75
90 91
90 57
90 7
90 42
90 53
90 24
90 43
90 30
90 93
90 99
90 48
90 78
90 83
90 25
90 51
90 13
91 91
91 3
91 7
91 90
91 57
91 45
91 42
91 75
91 30
91 99
91 53
91 48
91 83
91 24
91 93
91 43
91 78
91 81
91 82
91 25
92 92
92 85
92 5
92 88
92 21
92 44
92 65
92 89
92 86
92 15
92 31
92 62
92 55
92 50
92 16
92 98
92 49
92 80
92 81
92 54
93 93
93 43
93 24
93 25
93 78
93 13
93 75
93 45
93 53
93 73
93 51
93 59
93 42
93 32
93 90
93 3
93 61
93 4
93 96
93 27
94 94
94 87
94 36
94 95
94 12
94 72
94 56
94 22
94 35
94 79
94 40
94 39
94 29
94 17
94 1
94 23
94 26
94 37
94 52
94 28
95 95
95 87
95 94
95 36
95 12
95 35
95 79
95 40
95 72
95 56
95 22
95 1
95 23
95 39
95 29
95 17
95 74
95 52
95 38
95 26
96 96
96 9
96 11
96 34
96 14
96 27
96 41
96 61
96 67
96 73
96 13
96 20
96 52
96 25
96 78
96 55
96 59
96 28
96 33
96 39
97 97
97 66
97 69
97 6
97 71
97 76
97 8
97 26
97 70
97 10
97 77
97 2
97 37
97 29
97 60
97 17
97 33
97 54
97 28
97 84
98 98
98 70
98 54
98 86
98 31
98 44
98 60
98 84
98 21
98 49
98 76
98 77
98 88
98 55
98 80
98 92
98 8
98 58
98 85
98 66
99 99
99 48
99 30
99 83
99 42
99 7
99 53
99 91
99 3
99 82
99 81
99 45
99 90
99 57
99 75
99 24
99 47
99 89
99 78
99 65
0 1
2 3
1.000000
