19 100
212
1024.000000 1024.000000
1024.000000 1001.000000
1007.000000 974.000000
1024.000000 964.000000
1024.000000 783.000000
969.000000 712.000000
969.000000 706.000000
963.000000 704.000000
901.000000 622.000000
907.000000 613.000000
981.000000 584.000000
991.000000 612.000000
946.000000 629.000000
960.000000 650.000000
1023.000000 613.000000
1024.000000 596.000000
1013.000000 571.000000
1024.000000 567.000000
1024.000000 520.000000
915.000000 565.000000
908.000000 559.000000
872.000000 582.000000
844.000000 545.000000
913.000000 503.000000
937.000000 541.000000
940.000000 540.000000
948.000000 535.000000
942.000000 524.000000
974.000000 511.000000
964.000000 488.000000
933.000000 508.000000
926.000000 496.000000
1024.000000 439.000000
1024.000000 309.000000
1015.000000 310.000000
1011.000000 305.000000
1007.000000 308.000000
998.000000 290.000000
1005.000000 282.000000
1012.000000 282.000000
1024.000000 291.000000
1024.000000 30.000000
1006.000000 48.000000
995.000000 38.000000
1024.000000 9.000000
1024.000000 0.000000
957.000000 0.000000
894.000000 62.000000
879.000000 47.000000
897.000000 28.000000
896.000000 24.000000
902.000000 23.000000
916.000000 4.000000
924.000000 0.000000
880.000000 0.000000
876.000000 8.000000
864.000000 8.000000
864.000000 2.000000
838.000000 5.000000
844.000000 15.000000
844.000000 28.000000
839.000000 32.000000
844.000000 53.000000
841.000000 57.000000
815.000000 55.000000
814.000000 0.000000
762.000000 0.000000
767.000000 151.000000
763.000000 151.000000
764.000000 190.000000
756.000000 193.000000
744.000000 193.000000
741.000000 152.000000
735.000000 152.000000
734.000000 147.000000
734.000000 142.000000
739.000000 141.000000
738.000000 124.000000
703.000000 124.000000
702.000000 118.000000
702.000000 112.000000
738.000000 114.000000
737.000000 82.000000
721.000000 82.000000
721.000000 71.000000
739.000000 71.000000
739.000000 54.000000
720.000000 54.000000
720.000000 45.000000
676.000000 47.000000
675.000000 19.000000
689.000000 18.000000
689.000000 0.000000
386.000000 0.000000
387.000000 8.000000
394.000000 7.000000
393.000000 14.000000
511.000000 141.000000
493.000000 159.000000
371.000000 28.000000
372.000000 23.000000
346.000000 0.000000
0.000000 0.000000
0.000000 209.000000
7.000000 207.000000
103.000000 333.000000
18.000000 399.000000
0.000000 375.000000
0.000000 388.000000
8.000000 398.000000
0.000000 405.000000
0.000000 411.000000
12.000000 402.000000
25.000000 420.000000
0.000000 440.000000
0.000000 562.000000
37.000000 532.000000
55.000000 555.000000
16.000000 586.000000
0.000000 566.000000
0.000000 680.000000
11.000000 694.000000
0.000000 703.000000
2.000000 752.000000
17.000000 743.000000
15.000000 737.000000
77.000000 697.000000
68.000000 688.000000
73.000000 683.000000
79.000000 680.000000
84.000000 691.000000
101.000000 679.000000
107.000000 683.000000
131.000000 667.000000
127.000000 658.000000
181.000000 621.000000
158.000000 591.000000
153.000000 593.000000
140.000000 576.000000
113.000000 593.000000
102.000000 581.000000
164.000000 530.000000
191.000000 562.000000
186.000000 566.000000
188.000000 570.000000
218.000000 605.000000
214.000000 608.000000
216.000000 617.000000
209.000000 613.000000
204.000000 617.000000
219.000000 639.000000
129.000000 702.000000
120.000000 697.000000
116.000000 700.000000
144.000000 742.000000
152.000000 739.000000
163.000000 752.000000
171.000000 766.000000
166.000000 769.000000
167.000000 774.000000
195.000000 815.000000
202.000000 811.000000
200.000000 803.000000
253.000000 767.000000
248.000000 757.000000
311.000000 713.000000
322.000000 719.000000
374.000000 681.000000
379.000000 683.000000
389.000000 671.000000
417.000000 710.000000
404.000000 719.000000
405.000000 724.000000
336.000000 772.000000
317.000000 749.000000
318.000000 754.000000
304.000000 758.000000
310.000000 772.000000
222.000000 834.000000
215.000000 829.000000
192.000000 845.000000
202.000000 855.000000
197.000000 860.000000
191.000000 863.000000
185.000000 851.000000
125.000000 896.000000
121.000000 892.000000
107.000000 901.000000
110.000000 906.000000
101.000000 912.000000
109.000000 924.000000
113.000000 928.000000
124.000000 922.000000
172.000000 991.000000
127.000000 1024.000000
323.000000 1024.000000
350.000000 1008.000000
360.000000 1023.000000
431.000000 984.000000
436.000000 993.000000
415.000000 1004.000000
416.000000 1010.000000
394.000000 1018.000000
397.000000 1024.000000
428.000000 1024.000000
456.000000 1008.000000
462.000000 1017.000000
456.000000 1024.000000
630.000000 1024.000000
602.000000 974.000000
858.000000 823.000000
977.000000 1024.000000
6
253.000000 114.000000
200.000000 63.000000
196.000000 67.000000
192.000000 63.000000
249.000000 9.000000
303.000000 68.000000
10
936.000000 320.000000
844.000000 225.000000
818.000000 251.000000
884.000000 318.000000
863.000000 339.000000
797.000000 271.000000
783.000000 284.000000
763.000000 262.000000
846.000000 185.000000
956.000000 299.000000
72
287.000000 498.000000
255.000000 456.000000
276.000000 441.000000
303.000000 476.000000
307.000000 472.000000
299.000000 460.000000
346.000000 431.000000
321.000000 397.000000
339.000000 381.000000
301.000000 329.000000
438.000000 224.000000
445.000000 224.000000
447.000000 217.000000
455.000000 217.000000
457.000000 224.000000
487.000000 246.000000
529.000000 293.000000
510.000000 312.000000
453.000000 253.000000
447.000000 253.000000
334.000000 339.000000
332.000000 351.000000
350.000000 377.000000
361.000000 373.000000
356.000000 364.000000
366.000000 356.000000
372.000000 356.000000
372.000000 364.000000
381.000000 359.000000
382.000000 352.000000
374.000000 343.000000
383.000000 335.000000
409.000000 367.000000
422.000000 355.000000
438.000000 371.000000
446.000000 361.000000
407.000000 323.000000
433.000000 303.000000
443.000000 313.000000
450.000000 308.000000
459.000000 318.000000
464.000000 314.000000
485.000000 336.000000
455.000000 366.000000
481.000000 393.000000
471.000000 404.000000
479.000000 413.000000
546.000000 348.000000
536.000000 337.000000
555.000000 319.000000
587.000000 350.000000
568.000000 369.000000
560.000000 362.000000
537.000000 386.000000
540.000000 391.000000
533.000000 397.000000
536.000000 400.000000
501.000000 434.000000
553.000000 491.000000
534.000000 507.000000
509.000000 480.000000
486.000000 500.000000
507.000000 524.000000
489.000000 542.000000
395.000000 447.000000
384.000000 458.000000
378.000000 445.000000
373.000000 445.000000
318.000000 487.000000
314.000000 483.000000
302.000000 496.000000
295.000000 492.000000
13
753.000000 368.000000
716.000000 319.000000
730.000000 309.000000
739.000000 322.000000
743.000000 320.000000
759.000000 308.000000
750.000000 296.000000
769.000000 282.000000
803.000000 334.000000
792.000000 341.000000
778.000000 323.000000
755.000000 341.000000
767.000000 358.000000
4
836.000000 355.000000
830.000000 347.000000
834.000000 343.000000
840.000000 351.000000
7
789.000000 369.000000
783.000000 360.000000
802.000000 346.000000
808.000000 354.000000
803.000000 358.000000
806.000000 362.000000
797.000000 369.000000
13
123.000000 500.000000
107.000000 479.000000
109.000000 473.000000
123.000000 462.000000
126.000000 465.000000
140.000000 449.000000
148.000000 448.000000
146.000000 445.000000
161.000000 438.000000
172.000000 424.000000
175.000000 427.000000
190.000000 415.000000
207.000000 438.000000
15
646.000000 608.000000
641.000000 600.000000
634.000000 602.000000
612.000000 571.000000
615.000000 567.000000
610.000000 559.000000
614.000000 554.000000
605.000000 544.000000
618.000000 531.000000
598.000000 504.000000
589.000000 510.000000
582.000000 499.000000
668.000000 433.000000
707.000000 470.000000
762.000000 544.000000
4
205.000000 482.000000
197.000000 472.000000
199.000000 469.000000
208.000000 478.000000
30
466.000000 713.000000
413.000000 638.000000
408.000000 640.000000
402.000000 631.000000
395.000000 635.000000
388.000000 627.000000
395.000000 622.000000
388.000000 611.000000
391.000000 608.000000
368.000000 577.000000
378.000000 569.000000
355.000000 533.000000
327.000000 552.000000
324.000000 548.000000
318.000000 552.000000
307.000000 536.000000
312.000000 531.000000
305.000000 518.000000
375.000000 469.000000
398.000000 502.000000
360.000000 529.000000
409.000000 601.000000
417.000000 591.000000
423.000000 592.000000
437.000000 581.000000
449.000000 598.000000
454.000000 597.000000
452.000000 603.000000
432.000000 617.000000
490.000000 696.000000
8
175.000000 541.000000
166.000000 528.000000
235.000000 472.000000
257.000000 499.000000
240.000000 512.000000
236.000000 521.000000
195.000000 548.000000
184.000000 535.000000
4
727.000000 657.000000
707.000000 622.000000
752.000000 595.000000
773.000000 630.000000
10
549.000000 890.000000
519.000000 833.000000
837.000000 641.000000
909.000000 734.000000
833.000000 780.000000
820.000000 758.000000
879.000000 726.000000
836.000000 672.000000
787.000000 700.000000
808.000000 739.000000
4
639.000000 894.000000
628.000000 871.000000
758.000000 797.000000
768.000000 819.000000
12
218.000000 875.000000
214.000000 864.000000
284.000000 820.000000
291.000000 831.000000
260.000000 853.000000
265.000000 859.000000
296.000000 839.000000
312.000000 864.000000
261.000000 897.000000
244.000000 872.000000
260.000000 862.000000
256.000000 853.000000
6
292.000000 917.000000
283.000000 903.000000
287.000000 900.000000
285.000000 896.000000
318.000000 876.000000
329.000000 894.000000
4
218.000000 917.000000
209.000000 901.000000
230.000000 888.000000
240.000000 905.000000
9
269.000000 939.000000
213.000000 972.000000
213.000000 977.000000
191.000000 991.000000
146.000000 917.000000
170.000000 904.000000
195.000000 946.000000
202.000000 947.000000
255.000000 915.000000
4
297.000000 1014.000000
287.000000 997.000000
329.000000 973.000000
339.000000 991.000000
3.000000
366.033289 209.597786
940.160998 194.166897
867.921541 375.822224
115.345912 502.172198
516.337352 878.637926
493.302376 551.404081
715.992547 703.333555
577.567799 397.815977
329.126707 596.319776
919.359229 772.736026
357.739800 965.912979
193.905801 398.690480
1008.036435 424.641872
118.711667 291.774710
697.154592 720.042341
854.980170 388.407144
230.219415 382.974106
646.564507 240.828018
275.708679 591.584951
905.081764 359.963389
956.491681 399.078290
917.678991 868.716686
396.820683 171.201484
592.991869 916.281964
460.876356 271.533728
543.164815 271.871042
861.208104 511.065118
640.267384 212.965313
116.393318 6.582719
784.618124 857.305455
569.726223 662.017498
802.939772 391.945059
290.547267 363.256713
638.765173 676.038122
586.193628 579.112141
984.329697 866.255473
893.260448 496.274419
454.466205 851.977892
617.471010 634.908565
556.764949 299.664257
101.642767 263.942738
315.951254 1012.468201
591.256344 287.276707
83.627966 281.062501
691.564392 702.410932
597.965905 528.109155
570.416942 376.971259
735.978806 473.738962
135.937113 915.874027
462.547226 737.136973
290.337748 276.107722
618.498774 67.523868
236.998935 113.875926
245.473357 555.847411
882.824881 170.820461
169.465266 211.693431
1014.223914 879.097228
173.292703 286.350049
154.129386 302.423872
308.883309 407.770571
736.150513 658.728638
94.665062 499.900796
459.621249 203.418908
92.303846 407.971241
215.953825 681.068692
726.133197 172.633480
76.704960 495.936926
253.590613 566.275023
513.065722 654.661311
367.453463 787.200120
784.944875 84.500911
770.814535 552.849697
692.254636 218.787932
504.453139 678.718323
876.166596 819.955025
972.960645 298.482965
769.073818 64.163659
284.594920 143.319974
319.109725 865.682284
829.910066 608.544575
325.999404 782.244209
931.310605 54.010838
476.894868 23.429361
579.109349 417.569647
408.891457 832.985166
991.854782 302.669290
393.324978 749.497639
256.135856 377.501579
311.483584 634.873231
258.801569 596.928867
282.218650 441.638103
1011.289058 331.597803
568.357445 116.903955
981.723445 569.545275
230.944727 1006.024021
105.955608 158.267814
14.242725 696.996371
375.216206 188.666503
802.888041 559.492392
175.567821 33.214293
160.348246 310.447420
229.451144 343.287010
380.657645 102.037243
595.135394 414.868355
633.823158 241.574361
507.518500 166.745764
335.376662 128.660906
998.127846 933.447554
135.709764 30.349664
114.627529 27.385410
179.703489 416.174207
917.976521 815.279436
306.025814 271.670050
511.656813 122.263475
487.163366 78.151883
615.819460 304.190494
132.972024 357.319206
971.937060 950.619541
791.830332 14.618397
205.043147 264.404079
201.130106 218.843802
152.086572 342.725356
27.097590 87.067539
495.170819 640.476442
33.501732 416.377111
574.509062 915.722371
339.945509 886.683241
303.326030 387.428353
931.464497 384.185188
837.032529 379.869693
156.390355 172.988476
511.601656 694.844889
177.557791 82.096424
969.349754 319.162926
345.036028 672.787504
16.702811 503.771794
385.678626 194.906640
517.180919 535.708760
438.979786 710.678968
945.389182 732.570659
89.181910 634.836345
612.855290 104.150465
970.774561 623.504864
109.894026 217.672797
606.849613 36.779171
975.666415 945.867399
758.995401 563.191458
986.644065 212.054861
132.788812 443.077335
185.850867 159.975715
593.515992 434.068624
440.891635 563.845178
483.427539 975.632765
620.392666 941.253587
451.300584 961.033737
42.274733 487.499680
656.839900 661.166657
401.297163 235.275513
538.694430 1012.415975
416.693635 895.700419
98.153205 399.571121
500.578846 244.902551
423.112751 706.912384
566.079421 556.845183
804.330566 477.721053
1007.982710 824.978410
470.887330 593.427026
235.164250 190.251413
310.236206 913.014552
187.757161 183.879245
253.272463 618.141373
19.505383 646.476579
953.304716 629.905651
856.947341 49.704209
72.533286 508.204414
246.488473 904.216358
399.367436 194.024806
375.833024 206.332218
468.889177 556.301029
772.745255 449.436131
174.545125 49.733145
499.586095 880.222047
605.714879 772.932338
170.591252 59.824164
181.964796 911.217183
453.471901 737.012204
803.654143 650.708802
578.188603 524.392928
64.262082 402.856057
932.260277 160.030312
245.698167 829.783991
107.682398 660.121159
987.252796 419.899101
123.404582 347.202880
967.918504 883.682244
523.889919 518.587610
197.814577 300.122039
476.135152 316.605301
433.356732 898.048245
633.071713 7.881360
