16 100
106
256.000000 256.000000
251.000000 244.000000
256.000000 241.000000
256.000000 196.000000
225.000000 156.000000
244.000000 146.000000
248.000000 153.000000
238.000000 157.000000
239.000000 162.000000
255.000000 154.000000
256.000000 131.000000
218.000000 146.000000
211.000000 137.000000
228.000000 125.000000
237.000000 134.000000
235.000000 131.000000
242.000000 129.000000
241.000000 122.000000
235.000000 127.000000
231.000000 124.000000
256.000000 109.000000
256.000000 78.000000
249.000000 74.000000
251.000000 70.000000
256.000000 72.000000
256.000000 8.000000
248.000000 10.000000
256.000000 0.000000
240.000000 0.000000
224.000000 16.000000
219.000000 11.000000
229.000000 0.000000
211.000000 2.000000
211.000000 15.000000
203.000000 14.000000
203.000000 0.000000
191.000000 0.000000
189.000000 49.000000
184.000000 31.000000
175.000000 31.000000
184.000000 28.000000
184.000000 21.000000
180.000000 21.000000
184.000000 14.000000
169.000000 12.000000
172.000000 0.000000
97.000000 0.000000
128.000000 35.000000
124.000000 40.000000
86.000000 0.000000
0.000000 0.000000
0.000000 52.000000
26.000000 83.000000
5.000000 100.000000
0.000000 93.000000
7.000000 105.000000
0.000000 111.000000
0.000000 140.000000
9.000000 133.000000
14.000000 138.000000
5.000000 147.000000
0.000000 142.000000
0.000000 187.000000
19.000000 175.000000
18.000000 170.000000
28.000000 170.000000
45.000000 156.000000
35.000000 144.000000
29.000000 149.000000
25.000000 145.000000
58.000000 118.000000
65.000000 125.000000
49.000000 137.000000
44.000000 135.000000
55.000000 151.000000
55.000000 160.000000
30.000000 176.000000
41.000000 187.000000
48.000000 203.000000
63.000000 192.000000
62.000000 188.000000
97.000000 167.000000
105.000000 177.000000
84.000000 193.000000
76.000000 189.000000
78.000000 193.000000
48.000000 211.000000
50.000000 215.000000
44.000000 214.000000
27.000000 225.000000
28.000000 232.000000
31.000000 230.000000
43.000000 247.000000
32.000000 256.000000
82.000000 256.000000
87.000000 252.000000
90.000000 255.000000
107.000000 246.000000
109.000000 249.000000
100.000000 256.000000
114.000000 252.000000
115.000000 256.000000
157.000000 256.000000
151.000000 242.000000
214.000000 205.000000
244.000000 255.000000
4
64.000000 29.000000
48.000000 17.000000
62.000000 2.000000
76.000000 17.000000
10
234.000000 80.000000
212.000000 57.000000
205.000000 63.000000
221.000000 79.000000
216.000000 85.000000
200.000000 68.000000
195.000000 71.000000
190.000000 65.000000
212.000000 46.000000
239.000000 74.000000
39
71.000000 125.000000
63.000000 114.000000
69.000000 110.000000
74.000000 116.000000
86.000000 108.000000
80.000000 100.000000
84.000000 94.000000
75.000000 82.000000
111.000000 54.000000
133.000000 74.000000
127.000000 78.000000
111.000000 64.000000
84.000000 84.000000
87.000000 94.000000
92.000000 88.000000
95.000000 90.000000
95.000000 83.000000
102.000000 91.000000
106.000000 88.000000
110.000000 92.000000
101.000000 81.000000
108.000000 75.000000
122.000000 84.000000
114.000000 91.000000
121.000000 98.000000
119.000000 103.000000
136.000000 87.000000
138.000000 79.000000
147.000000 87.000000
126.000000 108.000000
139.000000 123.000000
133.000000 127.000000
127.000000 120.000000
122.000000 125.000000
127.000000 131.000000
123.000000 136.000000
99.000000 112.000000
96.000000 115.000000
93.000000 111.000000
7
188.000000 92.000000
179.000000 79.000000
185.000000 80.000000
193.000000 70.000000
201.000000 84.000000
198.000000 86.000000
194.000000 81.000000
4
197.000000 93.000000
195.000000 90.000000
201.000000 86.000000
202.000000 91.000000
4
30.000000 125.000000
26.000000 119.000000
48.000000 103.000000
52.000000 110.000000
6
161.000000 152.000000
152.000000 141.000000
153.000000 131.000000
145.000000 124.000000
167.000000 108.000000
191.000000 136.000000
15
117.000000 179.000000
104.000000 160.000000
97.000000 158.000000
89.000000 134.000000
82.000000 138.000000
76.000000 134.000000
76.000000 129.000000
93.000000 117.000000
100.000000 126.000000
90.000000 133.000000
102.000000 150.000000
109.000000 145.000000
114.000000 149.000000
108.000000 155.000000
123.000000 174.000000
4
181.000000 165.000000
176.000000 155.000000
188.000000 148.000000
194.000000 158.000000
10
136.000000 222.000000
130.000000 207.000000
209.000000 160.000000
228.000000 183.000000
208.000000 195.000000
205.000000 189.000000
219.000000 182.000000
209.000000 168.000000
197.000000 175.000000
202.000000 186.000000
4
156.000000 219.000000
189.000000 199.000000
193.000000 204.000000
161.000000 224.000000
9
53.000000 218.000000
71.000000 205.000000
73.000000 208.000000
65.000000 213.000000
74.000000 209.000000
78.000000 216.000000
66.000000 225.000000
61.000000 218.000000
64.000000 214.000000
4
73.000000 230.000000
70.000000 225.000000
80.000000 219.000000
83.000000 224.000000
4
54.000000 230.000000
52.000000 225.000000
58.000000 222.000000
60.000000 227.000000
6
68.000000 235.000000
47.000000 248.000000
36.000000 229.000000
43.000000 226.000000
51.000000 236.000000
64.000000 228.000000
4
72.000000 252.000000
72.000000 248.000000
84.000000 244.000000
84.000000 249.000000
2.000000
41.575057 34.179179
89.978759 43.561707
123.182830 3.651708
156.202838 54.903075
169.585190 35.036494
198.964090 12.074026
90.446128 221.938592
17.349191 61.301182
7.027620 168.575848
247.586973 38.755845
105.243499 232.796089
118.464554 238.788903
80.242404 150.208763
150.296718 114.117616
29.838313 74.164413
243.703075 61.958187
250.138869 100.634888
235.135055 193.965465
208.804104 20.174923
123.198945 178.008029
31.542667 9.888346
170.001314 81.670369
41.600119 5.269771
25.284165 56.556059
136.295336 24.541513
221.254502 84.333562
125.091715 236.523751
189.544184 144.380148
149.010000 27.040607
96.597795 243.819663
154.091246 231.914865
127.439768 43.491433
125.369121 154.894539
30.132256 7.709717
26.115412 23.414497
165.900046 79.890915
106.521034 141.879674
249.386051 16.158022
58.046275 166.841388
251.293657 58.280183
19.205254 64.321989
238.612931 52.892084
38.174163 15.293095
80.074395 54.784943
195.006604 202.388045
134.285453 196.759576
242.094932 241.127384
18.060939 10.453831
98.284075 50.715551
138.614450 106.133407
107.204342 178.338255
146.151493 106.000448
180.325322 40.742956
103.592912 145.748420
24.225281 125.200139
45.412715 5.803323
252.283486 24.798970
232.910202 171.094288
49.306706 59.483657
53.493167 55.993260
168.584637 62.770983
134.406218 148.081648
49.142560 11.630584
201.824053 125.754533
130.218854 215.828435
89.369830 224.670276
33.275271 149.701434
61.657702 92.596934
142.183507 5.008663
58.916224 69.183090
21.051583 118.025455
212.883627 197.417953
97.646461 228.202323
44.456386 82.132382
250.677615 86.404885
147.091010 10.571439
129.076247 125.727896
23.990432 7.160886
170.206090 169.849993
103.923132 142.194068
240.400842 105.661684
111.305873 67.644061
124.056110 25.258013
18.688807 144.512104
52.906068 183.801089
120.861201 10.587567
42.331043 20.109882
23.544696 167.101973
103.979058 229.403965
75.017169 73.402749
104.870157 30.299921
57.735298 73.120466
60.549504 148.337277
50.466122 61.849858
225.731276 160.923205
145.131986 145.753877
79.123934 97.706928
41.657757 84.239259
28.600127 94.976877
97.204694 195.313917
150.525949 36.691214
85.260399 29.797534
200.061793 53.331205
119.995772 190.740289
114.067311 12.386350
156.039183 14.270714
93.171811 197.156636
173.633185 161.460165
78.574208 102.967180
215.094427 45.904523
149.791791 250.936835
244.195361 57.686571
222.019156 23.711865
239.395170 191.242973
144.501347 18.158014
240.812880 200.176094
69.038521 128.349282
65.440599 131.123461
195.027616 131.402747
33.327085 70.420882
42.883097 120.447467
216.249717 128.646676
117.649111 202.952526
124.973565 197.231829
197.601415 3.533223
133.413099 45.275892
64.493263 109.471765
202.372496 27.013893
160.854652 4.260504
93.790482 38.299468
204.161308 95.846484
153.626682 162.699994
72.548456 76.189820
23.152279 71.156865
247.206604 40.488532
85.072260 224.823381
126.916382 243.015326
42.517644 74.695989
136.516886 114.943223
82.420513 171.025165
158.379071 227.937539
119.932292 155.445076
161.489346 28.766546
215.259808 114.376175
28.397056 83.307418
123.539393 239.303084
81.185077 28.465244
108.432446 71.780729
143.635538 25.100909
100.900712 226.671802
35.332988 225.156165
211.426139 123.782629
220.298144 103.976271
27.825251 86.317974
53.925492 51.353861
77.094956 204.093026
128.979805 144.617470
102.783303 134.038228
19.522400 61.463216
240.236664 4.076389
232.310699 181.970342
43.731986 68.808875
53.499466 61.599907
81.554001 210.917092
142.185161 136.872617
207.825475 141.809353
17.566880 118.128131
52.426704 55.019341
127.718651 138.254861
67.570848 159.995855
191.798586 105.211919
185.915590 116.901405
194.059625 152.094114
144.604267 22.238603
87.459319 168.620630
243.990263 191.138858
212.774894 26.224938
23.321580 64.045016
246.469117 53.673105
194.510575 49.083742
144.828133 101.839069
43.794081 43.966027
77.258045 75.533352
205.956773 206.489819
126.523520 150.819112
126.560171 92.941326
60.297657 109.531234
228.107117 77.757033
169.946005 170.190920
113.167276 138.420686
221.283991 85.033267
98.265331 164.776329
97.221701 187.537702
35.180621 30.097310
219.883885 23.775138
194.699299 197.110021
137.154895 177.692080
236.757214 61.037529
129.578496 127.098715
75.370284 171.579097
