0 0
179
128.000000 128.000000
128.000000 111.000000
121.000000 111.000000
128.000000 110.000000
128.000000 89.000000
121.000000 89.000000
121.000000 56.000000
89.000000 56.000000
89.000000 88.000000
99.000000 88.000000
99.000000 77.000000
110.000000 77.000000
110.000000 67.000000
99.000000 66.000000
111.000000 66.000000
111.000000 99.000000
122.000000 99.000000
89.000000 100.000000
89.000000 110.000000
100.000000 110.000000
100.000000 121.000000
110.000000 121.000000
111.000000 110.000000
111.000000 121.000000
122.000000 122.000000
99.000000 122.000000
99.000000 111.000000
88.000000 111.000000
88.000000 99.000000
110.000000 99.000000
110.000000 78.000000
100.000000 78.000000
100.000000 89.000000
78.000000 89.000000
78.000000 111.000000
66.000000 111.000000
66.000000 100.000000
44.000000 100.000000
67.000000 99.000000
67.000000 110.000000
77.000000 110.000000
77.000000 88.000000
88.000000 88.000000
88.000000 78.000000
77.000000 78.000000
88.000000 77.000000
88.000000 45.000000
78.000000 45.000000
78.000000 56.000000
67.000000 56.000000
67.000000 66.000000
78.000000 66.000000
67.000000 67.000000
67.000000 89.000000
44.000000 89.000000
55.000000 88.000000
55.000000 45.000000
44.000000 44.000000
66.000000 44.000000
66.000000 23.000000
56.000000 23.000000
56.000000 34.000000
12.000000 34.000000
12.000000 44.000000
34.000000 44.000000
34.000000 55.000000
45.000000 55.000000
45.000000 67.000000
44.000000 56.000000
33.000000 56.000000
33.000000 45.000000
12.000000 45.000000
11.000000 56.000000
11.000000 33.000000
55.000000 33.000000
55.000000 11.000000
56.000000 22.000000
66.000000 22.000000
67.000000 11.000000
67.000000 22.000000
78.000000 23.000000
67.000000 23.000000
67.000000 45.000000
56.000000 45.000000
56.000000 88.000000
66.000000 88.000000
66.000000 55.000000
77.000000 55.000000
77.000000 33.000000
88.000000 33.000000
88.000000 22.000000
110.000000 22.000000
110.000000 12.000000
99.000000 11.000000
111.000000 11.000000
111.000000 45.000000
110.000000 34.000000
99.000000 34.000000
110.000000 33.000000
110.000000 23.000000
89.000000 23.000000
89.000000 34.000000
78.000000 34.000000
78.000000 44.000000
100.000000 44.000000
89.000000 45.000000
89.000000 55.000000
121.000000 55.000000
122.000000 44.000000
122.000000 88.000000
128.000000 88.000000
128.000000 1.000000
122.000000 1.000000
122.000000 34.000000
121.000000 1.000000
89.000000 1.000000
89.000000 12.000000
77.000000 12.000000
88.000000 11.000000
88.000000 1.000000
45.000000 1.000000
45.000000 23.000000
11.000000 23.000000
44.000000 22.000000
44.000000 1.000000
1.000000 1.000000
1.000000 11.000000
34.000000 11.000000
1.000000 12.000000
1.000000 66.000000
22.000000 66.000000
23.000000 55.000000
23.000000 66.000000
34.000000 66.000000
34.000000 77.000000
45.000000 77.000000
34.000000 78.000000
34.000000 110.000000
45.000000 111.000000
23.000000 111.000000
23.000000 122.000000
11.000000 122.000000
22.000000 121.000000
22.000000 99.000000
23.000000 110.000000
33.000000 110.000000
33.000000 78.000000
11.000000 77.000000
33.000000 77.000000
33.000000 67.000000
1.000000 67.000000
1.000000 99.000000
11.000000 99.000000
11.000000 88.000000
23.000000 88.000000
12.000000 89.000000
12.000000 100.000000
1.000000 100.000000
1.000000 110.000000
12.000000 110.000000
1.000000 111.000000
1.000000 128.000000
44.000000 128.000000
44.000000 122.000000
33.000000 121.000000
45.000000 121.000000
45.000000 128.000000
66.000000 128.000000
66.000000 122.000000
55.000000 122.000000
55.000000 110.000000
56.000000 121.000000
67.000000 121.000000
67.000000 128.000000
88.000000 128.000000
88.000000 122.000000
77.000000 121.000000
89.000000 121.000000
89.000000 128.000000
0.500000
