2 0
58
64.000000 64.000000
64.000000 49.000000
60.000000 49.000000
64.000000 48.000000
64.000000 33.000000
48.000000 33.000000
48.000000 30.000000
49.000000 32.000000
64.000000 32.000000
64.000000 1.000000
49.000000 1.000000
49.000000 3.000000
48.000000 1.000000
44.000000 0.000000
33.000000 1.000000
32.000000 11.000000
32.000000 1.000000
17.000000 1.000000
16.000000 9.000000
16.000000 1.000000
1.000000 0.000000
1.000000 32.000000
7.000000 33.000000
0.000000 34.000000
0.000000 64.000000
32.000000 64.000000
32.000000 49.000000
17.000000 49.000000
17.000000 57.000000
16.000000 49.000000
7.000000 49.000000
16.000000 48.000000
16.000000 33.000000
10.000000 33.000000
16.000000 32.000000
16.000000 17.000000
2.000000 16.000000
16.000000 16.000000
16.000000 12.000000
17.000000 16.000000
37.000000 16.000000
33.000000 17.000000
33.000000 20.000000
32.000000 17.000000
17.000000 17.000000
17.000000 32.000000
32.000000 32.000000
32.000000 21.000000
33.000000 32.000000
44.000000 32.000000
33.000000 33.000000
33.000000 37.000000
32.000000 33.000000
17.000000 33.000000
17.000000 48.000000
32.000000 48.000000
33.000000 42.000000
33.000000 64.000000
8
48.000000 8.000000
49.000000 16.000000
52.000000 16.000000
49.000000 17.000000
49.000000 22.000000
48.000000 17.000000
42.000000 17.000000
48.000000 16.000000
8
35.000000 49.000000
48.000000 48.000000
48.000000 45.000000
49.000000 48.000000
57.000000 48.000000
49.000000 49.000000
49.000000 55.000000
48.000000 49.000000
0.500000
